0.016230769230769233	0.11761338744262992
0.017461538461538462	0.014476379112067856
0.01876923076923077	0.011116967998566235
0.020153846153846154	0.009776942004336481
0.021653846153846152	0.00722963379316024
0.02326923076923077	0.0036679146351113736
0.025	0.0033502867903420887
0.02684615384615385	0.0006816591980261455
0.028807692307692305	0.00044792212704845434
0.030884615384615385	0.0004126608311633266
0.03307692307692308	0.00038453737171986367
0.03538461538461539	0.00034708737997539885
0.03792307692307693	0.00009556387467579709
0.040692307692307694	0.000058086212101786613
0.0436923076923077	0.00005215373143976862
0.046923076923076935	0.000043131991122766253
0.05038461538461539	0.00003095624212942036
0.05403846153846154	0.000020226312387764063
0.05826923076923077	0.000016680705988025167
0.06307692307692307	0.000014634207501252115
0.06846153846153846	0.000013000201256727567
0.07442307692307693	0.000011724380190831108
0.08096153846153849	0.00001043456425781602
0.08807692307692308	9.284709832692648e-6
0.09576923076923079	6.010986701409213e-6
0.10384615384615385	4.667517765034414e-6
0.11230769230769232	4.063077275913394e-6
0.12115384615384615	3.5779549610786236e-6
0.1303846153846154	3.40191272139287e-6
0.14	3.171328038931695e-6
0.1507692307692308	2.900945088320912e-6
0.16230769230769235	2.486493002675343e-6
0.1746153846153846	2.408015816664529e-6
0.18769230769230769	2.2599646891212723e-6
0.20153846153846156	2.1984438778087532e-6
0.21653846153846157	2.1627668483700703e-6
0.23269230769230773	1.8712392016039995e-6
0.25000000000000006	1.793669458186898e-6
0.2684615384615385	1.7499450781868976e-6
0.2880769230769231	1.7752228445530668e-6
0.3088461538461539	1.6569691626135779e-6
0.33076923076923076	1.5003356275113123e-6
0.35384615384615387	1.3494594842351278e-6
0.3792307692307693	1.3884596973400415e-6
0.406923076923077	1.3634447262694858e-6
0.4369230769230771	1.3339570929155192e-6
0.4692307692307693	1.3048057844869065e-6
0.5038461538461538	1.3183436908214168e-6
0.5403846153846154	1.273985729834931e-6
0.5826923076923078	1.3426500024576817e-6
0.6307692307692307	1.37028006680137e-6
0.6846153846153846	1.3512313126400744e-6
0.7442307692307694	1.319832696589114e-6
0.8096153846153848	1.3016727663769096e-6
0.8807692307692309	1.2974615828626413e-6
0.9576923076923077	1.4190374071395503e-6
1.0384615384615385	1.4741826954254566e-6
1.123076923076923	1.556916760781902e-6
1.2115384615384617	1.6209049910453826e-6
1.3038461538461539	1.7244413141733403e-6
1.4000000000000004	1.7651390153700503e-6
1.5076923076923077	1.8410687894588293e-6
1.623076923076923	1.8798012847562352e-6
1.7461538461538462	1.9561224835807505e-6
1.876923076923077	2.1474497338814113e-6
2.0153846153846153	2.252875937886632e-6
2.1653846153846152	2.382759847526744e-6
2.326923076923077	2.513658105940615e-6
2.5	2.5110786865159646e-6
2.684615384615385	2.565687713238944e-6
2.880769230769231	2.7779542900700436e-6
3.088461538461539	2.8636866920759096e-6
3.307692307692308	2.8987229775868216e-6
3.5384615384615388	2.959687320759681e-6
3.792307692307693	3.1760850185014715e-6
4.06923076923077	3.3138970780906367e-6
4.36923076923077	3.4690679186235364e-6
4.6923076923076925	3.5347422302192307e-6
5.038461538461538	3.7143434756552863e-6
5.403846153846154	4.038121163968105e-6
5.8269230769230775	4.406074758096297e-6
6.307692307692308	4.458858268983681e-6
6.846153846153847	4.80704810979131e-6
7.4423076923076925	4.860845013629724e-6
8.096153846153847	5.124578344926443e-6
8.807692307692308	5.251851436068736e-6
9.576923076923077	6.468581079554305e-6
10.384615384615385	7.191570878971776e-6
11.230769230769232	7.3835373922829054e-6
12.115384615384617	8.0007965816991e-6
13.038461538461538	8.899356149484017e-6
14.	9.213000058612095e-6
15.076923076923078	9.602736759528927e-6
16.23076923076923	9.972161419471325e-6
17.461538461538463	0.000010435391551721465
18.76923076923077	0.000011023634033052962
20.153846153846153	0.000011411206670387846
21.653846153846153	0.000012052995050755159
23.26923076923077	0.000012485924885073631
25.	0.000012085535990286089
26.846153846153847	0.00001300432709583388
28.80769230769231	0.000014065270936517924
30.884615384615387	0.000015230850379093004
33.07692307692308	0.00001664682507324956
35.38461538461539	0.00001777939823251181
37.92307692307693	0.000018455273737921106
40.69230769230769	0.000018747981280316022
43.69230769230769	0.000021153674825880708
46.92307692307693	0.00002241363353102472
50.38461538461539	0.00002388711480412287
54.03846153846154	0.000024547998468974175
58.269230769230774	0.00003272529650663771
63.07692307692308	0.00003713005069335179
68.46153846153847	0.000038719079186715324
74.42307692307693	0.00004142757105403597
80.96153846153847	0.00004201239705384841
88.07692307692308	0.00004323538907520858
95.76923076923077	0.000048733398995161464
103.84615384615385	0.00005388953985400512
112.30769230769232	0.000060181949515909365
121.15384615384616	0.00006337007925419008
130.3846153846154	0.00006820983112056993
140.	0.00007765095536320317
150.76923076923077	0.000083008144127171
162.30769230769232	0.00008363569576845047
174.6153846153846	0.00008699959347798507
187.6923076923077	0.00009269353916254354
201.53846153846155	0.00009344884811925335
216.53846153846155	0.00009532400494566098
232.6923076923077	0.00009904344020162344
250.	0.00010711545586168121
268.46153846153845	0.00011291934081114346
288.0769230769231	0.0001303302201338354
308.84615384615387	0.00013326033797563135
330.7692307692308	0.00016202629034315776
353.84615384615387	0.00016064993534794025
379.2307692307692	0.00019211395038861765
406.92307692307696	0.0002002254688641709
436.92307692307696	0.00022361456275671516
469.2307692307693	0.000235192278787839
503.84615384615387	0.0002601953025754783
540.3846153846154	0.0002956465460821495
582.6923076923077	0.0003771914284109531
630.7692307692308	0.0003943225714934132
1746.1538461538462	0.0010615418569480564
1876.9230769230771	0.0011609758079608036
2015.3846153846155	0.0011882635574314623
2165.3846153846157	0.0012582380359965502
2326.923076923077	0.001321108596281531
2500.	0.0014148813393874552
2684.6153846153848	0.0014289331402150133
2880.769230769231	0.001477804600914872
3088.4615384615386	0.001496178200010838
3307.692307692308	0.0015449336170540438
3538.4615384615386	0.0018337062428075129
3792.3076923076924	0.0019455022690205743
4069.2307692307695	0.0021585577270932647
4369.2307692307695	0.002152889714992899
4692.307692307692	0.0023727815667261773
5038.461538461539	0.0024667379113558962
5403.846153846154	0.002511739783626074
5826.923076923077	0.00281336105792559
6307.692307692308	0.0029468264102990483
6846.153846153847	0.0034009104085245957
7442.307692307692	0.003816315620344669
8096.153846153847	0.004077636160332443
8807.692307692309	0.004274123994931993
9576.923076923078	0.0045518095334575875
10384.615384615385	0.005780284583457505
11230.76923076923	0.006080892036830854
12115.384615384615	0.006348492169096719
13038.461538461539	0.006759259585147018
14000.	0.007344570014614881
15076.923076923078	0.007584482118546581
16230.769230769232	0.007918816599061138
17461.53846153846	0.008344304278594065
18769.23076923077	0.009177352586073498
20153.846153846156	0.009392655433751246
21653.846153846156	0.009840239191561757
23269.23076923077	0.010835132487693824
25000.	0.011011386038449724
26846.153846153848	0.010350285397750835
28807.69230769231	0.01149169815647601
30884.615384615387	0.012833166309821703
33076.92307692308	0.01348796830110714
35384.61538461539	0.013762455730355675
37923.07692307692	0.014961698577225093
40692.307692307695	0.01681046471994496
43692.307692307695	0.018776659469160656
46923.07692307693	0.019291783445338516
50384.61538461539	0.021550620724504733
54038.46153846154	0.022503295786563866
58269.23076923077	0.025124652988499592
63076.92307692308	0.02611681341070966
68461.53846153847	0.02888226430950187
74423.07692307692	0.030470886669210984
80961.53846153847	0.031054619144392732
88076.92307692308	0.03188464745496359
95769.23076923078	0.03557703796093329
103846.15384615386	0.04436834321460979
112307.69230769231	0.046423668469293786
121153.84615384616	0.04888819497562698
130384.61538461539	0.05422557356716306
140000.	0.059151392548609454
150769.23076923078	0.07023092437007716
162307.6923076923	0.0746660815426839
174615.38461538462	0.0842169631141674
187692.30769230772	0.09415938195991787
201538.46153846156	0.09826803238304212
216538.46153846156	0.10385258513708966
232692.30769230772	0.10910792134660413
250000.	0.12783004973990425
268461.5384615385	0.1296480173616194
288076.9230769231	0.13359002086343783
308846.1538461539	0.1398041612543014
330769.2307692308	0.15077476293326134
353846.1538461539	0.16800078613473746
379230.76923076925	0.1691362486814863
406923.07692307694	0.16984396389900716
436923.07692307694	0.1856615113873183
469230.76923076925	0.20765132865139369
503846.1538461539	0.23766213136074474
540384.6153846154	0.27263918416267136
582692.3076923077	0.30494394662924124
630769.2307692308	0.30914673454085023
684615.3846153846	0.35000904215751866
744230.7692307692	0.3637097028940467
809615.3846153846	0.412587338875793
880769.2307692309	0.4593218374009612
957692.3076923077	0.5032577146616685
1.0384615384615385e6	0.5395932282651131
1.1230769230769232e6	0.5891621458908589
1.2115384615384615e6	0.60196125985949
1.303846153846154e6	0.6303095535520992
1.4e6	0.7168667953727814
1.5076923076923077e6	0.7952380630233501
1.6230769230769232e6	0.8857939124685553
1.7461538461538462e6	1.0608839445019607
1.876923076923077e6	1.1004626308155536
2.0153846153846155e6	1.152014123006945
2.1653846153846155e6	1.2486166806882983
2.326923076923077e6	1.3929899739201883
2.5e6	1.5582863934994937
2.684615384615385e6	1.6626768123021158
2.880769230769231e6	1.6913408826343563
3.0884615384615385e6	1.806531289807268
3.307692307692308e6	1.981592442004237
3.5384615384615385e6	2.0474758170540035
3.7923076923076925e6	2.0439127802788253
4.0692307692307695e6	2.053685741135152
4.369230769230769e6	1.949795349706459
4.692307692307693e6	2.089453418745204
5.038461538461539e6	2.2387393245035208
5.403846153846154e6	2.511617900266095
5.826923076923077e6	2.7004428131208513
6.307692307692308e6	2.742468275206007
6.846153846153847e6	2.9450714377204394
7.442307692307693e6	3.080504009986055
8.096153846153847e6	4.1185702388760825
8.807692307692308e6	4.104713455673538
9.576923076923078e6	4.605685729741731
1.0384615384615386e7	5.271841329836834
1.1230769230769232e7	5.776273534596443
1.2115384615384616e7	6.605018428402355
1.303846153846154e7	6.956990776064266
1.4e7	7.973811812336182
1.5076923076923078e7	8.315541346306672
1.6230769230769232e7	10.00959390679984
1.7461538461538464e7	11.167288725717057
1.876923076923077e7	11.73663936915292
2.0153846153846156e7	13.307699662360529
2.1653846153846156e7	13.416850924882064
2.326923076923077e7	14.594345596221032
2.5e7	16.247309792014082
2.6846153846153848e7	17.807392688572417
2.8807692307692308e7	20.00099601978199
3.0884615384615388e7	22.47722683954115
3.307692307692308e7	23.530675811529267
3.5384615384615384e7	23.31423604282099
3.792307692307693e7	24.63140113905234
4.0692307692307696e7	24.129389680960635
4.3692307692307696e7	25.41175357678049
4.692307692307693e7	26.351752923932914
5.0384615384615384e7	25.95088771567637
5.403846153846154e7	28.946055533263088
5.8269230769230776e7	32.341175265939405
6.307692307692308e7	33.24551589745674
6.846153846153846e7	34.47446044881637
7.442307692307693e7	33.56534719132439
8.096153846153846e7	32.805712799604066
8.807692307692309e7	37.31634616514286
9.576923076923077e7	42.880392788501496
1.0384615384615386e8	47.49025611591315
1.1230769230769232e8	52.88412833707377
1.2115384615384616e8	55.053681277102044
1.3038461538461539e8	64.96645668164939
1.4e8	76.1636809077163
1.5076923076923078e8	80.1060927922218
1.6230769230769232e8	88.54627255831063
1.7461538461538464e8	94.0359679454779
1.876923076923077e8	99.72947437983655
2.0153846153846154e8	106.75977259597872
2.1653846153846154e8	113.05182572438058
2.326923076923077e8	128.77906361052638
2.5e8	136.69406675117034
2.684615384615385e8	136.40001712060203
2.880769230769231e8	141.10183456426063
3.0884615384615386e8	156.91763542187914
3.307692307692308e8	169.0298628454991
3.5384615384615386e8	175.42736852223146
3.792307692307693e8	193.44037192370988
4.069230769230769e8	194.21647986868774
4.369230769230769e8	211.23130692006595
4.692307692307693e8	220.63130039159017
5.0384615384615386e8	285.9192589139454
5.403846153846154e8	319.95830423316534
5.826923076923077e8	346.05941196044176